128
65
177
126
83
207
53
241
229
32
16
192
122
188
173
12
157
78
21
124
243
128
22
60
4
205
149
92
198
153
17
70
219
194
196
46
145
249
31
119
25
48
55
148
236
228
160
137
50
181
6
38
53
28
98
58
233
247
150
175
144
167
245
107
105
185
153
250
178
185
113
204
233
169
96
213
141
0
95
192
182
101
230
235
129
72
37
106
63
187
25
207
98
14
59
203
199
212
198
121
141
55
69
118
224
165
76
110
166
171
46
92
16
20
71
145
92
109
251
155
40
20
106
139
34
165
86
233
122
28
98
7
84
168
126
52
77
202
162
243
117
208
79
133
228
151
22
64
4
17
219
44
37
70
183
71
235
14
48
101
42
146
109
126
58
235
179
136
181
85
123
42
38
203
175
10
98
197
75
102
214
38
146
251
108
74
66
88
88
114
189
130
4
42
1
63
21
180
199
202
9
66
244
47
13
163
58
111
104
133
213
62
171
104
57
24
178
123
112
10
237
45
140
242
88
141
49
109
65
248
56
75
58
44
122
72
208
180
183
56
57
141
119
229
245
176
253
167
44
109
177
25
154
61
11
242
203
60
96
12
52
152
87
111
196
210
183
148
134
110
205
192
251
68
165
240
244
162
151
32
15
72
58
169
134
69
156
81
130
252
93
182
148
181
37
88
135
220
237
13
75
186
205
70
254
114
55
242
20
206
19
35
23
77
205
157
146
105
238
20
101
75
203
249
0
240
81
135
205
62
149
24
248
98
94
246
213
149
233
233
100
252
13
123
73
218
24
219
67
6
240
168
81
187
161
82
171
242
217
120
49
110
144
41
209
239
32
166
132
9
143
232
5
156
99
78
118
123
41
185
129
25
97
211
212
2
37
128
245
254
248
38
109
137
79
62
120
111
228
252
120
115
229
125
16
72
203
134
196
245
64
69
14
161
24
227
164
61
99
153
60
91
191
169
228
14
231
92
126
203
89
246
62
62
116
78
134
63
213
74
52
21
144
67
182
168
38
90
230
137
243
34
228
178
203
201
193
178
37
63
125
126
53
187
188
169
10
67
233
223
141
29
244
29
96
170
198
134
5
172
15
248
206
244
171
153
189
108
75
226
171
200
97
224
131
29
138
141
96
115
108
238
144
96
11
241
11
209
119
16
125
135
8
75
123
179
228
56
31
47
26
202
247
123
171
123
153
53
8
249
168
117
231
56
213
243
41
224
196
161
240
66
40
249
141
163
172
114
219
204
161
245
150
153
113
65
20
10
118
28
3
30
145
235
87
103
222
128
71
162
33
56
228
73
49
114
236
221
228
199
169
133
189
64
30
46
129
50
56
248
79
59
22
224
38
109
71
4
238
143
167
15
199
139
89
248
253
69
213
225
13
127
103
202
191
133
248
64
184
48
56
7
107
79
231
146
188
47
150
170
190
61
186
133
201
19
125
198
88
82
168
101
209
15
47
144
148
39
209
76
87
9
83
195
88
59
85
21
106
235
191
40
41
121
173
242
140
42
184
229
124
96
74
78
111
122
222
4
161
175
80
249
185
164
188
17
223
17
38
73
252
230
113
37
95
30
23
236
72
208
209
196
48
27
18
160
149
241
164
55
160
244
48
89
152
236
107
119
253
145
192
249
119
49
31
215
79
54
195
151
6
148
92
55
175
110
215
69
95
123
124
0
111
172
89
8
152
196
127
149
86
64
142
205
113
173
164
193
228
103
88
234
251
180
33
171
35
248
240
130
115
108
130
227
24
220
235
176
160
106
69
246
170
211
196
28
129
104
221
101
208
53
79
203
234
113
118
13
105
102
143
221
210
18
192
234
238
171
154
142
21
223
133
192
179
73
220
52
177
185
153
129
238
232
77
216
89
195
229
195
42
117
160
252
135
96
231
117
11
129
3
32
97
136
224
20
209
188
72
131
117
225
4
100
201
81
60
35
21
34
230
63
151
134
59
30
230
34
147
241
164
150
17
5
31
242
25
240
174
97
115
36
66
120
136
11
201
196
46
222
230
20
29
125
154
89
155
128
123
46
113
31
197
131
36
228
117
61
212
35
158
72
71
224
192
207
236
137
148
26
104
122
47
133
248
201
222
147
74
90
194
187
121
135
62
158
107
179
219
63
215
122
135
30
90
71
238
70
209
130
97
57
252
144
190
244
89
157
136
163
247
74
95
112
209
157
14
60
81
234
123
40
100
3
70
190
74
52
5
27
182
102
84
179
246
19
167
79
176
47
243
167
121
82
23
74
239
38
134
64
